0	76	46	44
1	76	46	44
2	76	54	48
3	80	56	49
4	76	51	49
5	80	52	51
6	68	52	50
7	72	56	50
8	84	50	46
9	80	52	50
10	84	50	46
11	76	44	44
12	76	45	44
13	84	46	47
14	88	54	48
15	84	50	47
16	88	50	47
17	84	50	46
18	92	48	46
19	96	48	48
20	92	53	51
21	92	48	47
22	76	54	48
23	80	56	49
24	84	46	47
25	88	50	49
26	92	60	50
27	92	58	51
28	80	52	50
29	92	52	48
30	84	52	48
31	88	49	47
32	92	53	51
33	76	51	49
34	80	56	49
35	84	50	47
36	88	50	47
37	92	58	51
38	92	60	52
39	84	50	46
40	92	48	46
41	88	48	46
42	92	52	48
43	96	48	48
44	68	52	50
45	68	52	50
46	76	46	46
47	72	48	46
48	76	46	46
49	76	44	44
50	80	50	47
51	80	56	49
52	84	56	51
53	84	51	50
54	84	56	51
55	76	46	46
56	92	48	46
57	88	49	47
58	92	48	46
59	92	48	47
60	76	46	44
61	80	50	47
62	92	56	50
63	92	58	52
64	88	50	49
65	92	58	49
66	72	48	46
67	88	48	47
68	84	52	49
69	84	52	49
70	88	48	46
71	80	56	49
72	84	56	51
73	92	56	50
74	92	58	48
75	92	58	51
76	96	64	50
77	76	46	46
78	92	48	46
79	92	48	46
80	88	49	47
81	92	48	46
82	84	51	51
83	84	56	50
84	88	50	47
85	92	58	52
86	92	60	50
87	96	60	53
88	76	45	44
89	80	47	47
90	84	56	51
91	84	55	51
92	80	56	49
93	84	56	50
94	72	56	51
95	68	52	49
96	84	50	46
97	80	52	50
98	84	50	49
99	76	46	44
100	80	48	47
101	88	50	47
102	92	58	48
103	92	58	51
104	92	56	51
105	84	50	46
106	96	48	48
107	92	52	48
108	88	48	46
109	92	48	46
110	84	56	51
111	84	56	51
112	88	54	48
113	92	58	52
114	92	60	52
115	96	60	52
116	80	52	50
117	92	53	51
118	88	49	47
119	84	52	48
120	92	52	48
121	80	52	51
122	84	56	51
123	92	58	49
124	92	53	51
125	92	58	51
126	96	64	54
127	84	50	49
128	92	48	47
129	92	53	51
130	96	48	48
131	92	48	46
132	92	58	51
133	92	56	48
134	92	50	49
135	88	52	50
136	96	60	52
137	92	54	50
138	104	58	52
139	88	52	50
140	88	53	49
141	96	58	51
142	108	59	52
143	92	59	50
144	92	44	43
145	92	56	51
146	96	57	52
147	92	52	50
148	96	54	50
149	108	57	50
150	100	54	53
151	108	58	53
152	84	54	51
153	96	54	50
154	80	48	48
155	92	53	52
156	104	54	50
157	80	50	48
158	92	50	51
159	96	58	48
160	100	54	52
161	92	46	45
162	84	48	50
163	96	56	48
164	108	61	51
165	100	55	51
166	96	51	47
167	104	53	46
168	108	60	52
169	100	54	52
170	100	54	52
171	92	46	45
172	104	53	51
173	96	58	52
174	108	54	49
175	96	54	50
176	96	49	47
177	92	56	49
178	92	55	49
179	104	58	52
180	92	55	47
181	100	54	48
182	96	48	47
183	96	52	48
184	100	57	49
185	100	48	50
186	100	54	48
187	96	56	48
188	100	57	52
189	100	60	52
190	100	58	53
191	108	57	50
192	80	50	48
193	92	52	50
194	96	52	51
195	100	60	50
196	96	55	48
197	96	53	52
198	88	48	47
199	92	54	50
200	92	55	49
201	92	56	49
202	76	46	44
203	96	53	51
204	96	52	46
205	88	50	46
206	96	62	52
207	92	42	42
208	92	59	51
209	84	54	49
210	76	46	44
211	80	47	48
212	96	56	52
213	92	44	46
214	84	48	44
215	92	59	52
216	96	48	46
217	96	53	47
218	76	53	49
219	88	48	46
220	80	50	49
221	96	47	43
222	96	46	43
223	84	44	44
224	100	54	52
225	100	52	52
226	80	56	49
227	96	50	48
228	100	57	52
229	100	52	49
230	92	54	50
231	84	48	44
232	100	54	48
233	100	60	51
234	76	52	49
235	88	48	46
236	88	52	49
237	100	45	43
238	100	49	48
239	96	50	46
240	88	50	50
241	96	50	48
242	80	52	51
243	96	57	52
244	96	56	52
245	84	54	49
246	100	58	49
247	100	56	53
248	100	50	46
249	100	54	46
250	92	57	51
251	100	43	43
252	88	53	50
253	100	57	53
254	88	51	48
255	96	57	49
256	84	54	50
257	88	54	52
258	92	53	47
259	92	54	50
260	96	52	51
261	112	59	53
262	80	50	48
263	92	52	49
264	88	52	48
265	100	52	53
266	96	53	49
267	96	56	50
268	68	50	49
269	84	50	51
270	88	52	45
271	92	54	46
272	72	56	50
273	92	52	52
274	88	48	44
275	84	42	42
276	84	48	47
277	92	60	51
278	104	51	44
279	100	50	51
280	88	55	48
281	96	53	50
282	80	52	50
283	88	52	50
284	108	48	48
285	92	54	50
286	100	48	48
287	108	59	55
288	84	50	46
289	96	52	53
290	96	46	42
291	96	57	52
292	96	54	49
293	92	48	47
294	88	52	49
295	108	62	51
296	96	56	49
297	84	49	47
298	96	53	47
299	96	52	46
300	92	59	50
301	104	53	51
302	100	54	46
303	92	47	47
304	92	53	51
305	96	50	49
306	104	50	47
307	88	50	48
308	96	49	47
309	92	54	50
310	100	57	49
311	96	52	48
312	96	48	48
313	96	51	49
314	88	50	50
315	104	57	50
316	92	52	49
317	100	54	52
318	92	51	47
319	92	53	45
320	92	50	48
321	96	51	47
322	92	53	45
323	92	51	45
324	96	51	47
325	104	45	48
326	108	55	47
327	104	58	53
328	100	53	49
329	112	64	51
330	88	52	46
331	92	52	48
332	96	52	51
333	92	50	51
334	80	51	46
335	88	58	52
336	100	54	50
337	100	52	52
338	92	48	46
339	96	61	51
340	84	48	50
341	92	50	47
342	88	54	50
343	96	50	46
344	100	58	51
345	88	50	50
346	88	48	47
347	96	52	46
348	108	60	52
349	92	53	51
350	92	51	42
351	104	53	44
352	76	44	44
353	96	52	51
354	88	50	50
355	96	61	53
356	96	52	48
357	84	50	49
358	92	59	52
359	92	42	42
360	76	45	44
361	80	47	48
362	96	57	51
363	84	48	48
364	92	57	52
365	92	44	44
366	96	53	47
367	96	50	46
368	84	46	47
369	88	49	46
370	88	52	50
371	92	42	40
372	92	44	40
373	108	47	47
374	96	46	46
375	96	46	48
376	88	54	48
377	96	59	52
378	96	58	51
379	92	42	42
380	92	59	52
381	100	54	46
382	108	53	49
383	100	54	49
384	84	50	47
385	88	49	46
386	96	41	39
387	104	49	49
388	96	48	44
389	92	40	38
390	92	49	47
391	108	54	49
392	88	50	47
393	96	49	47
394	104	54	51
395	100	50	48
396	100	54	48
397	92	44	44
398	92	59	52
399	108	54	47
400	92	60	51
401	100	43	43
402	88	53	50
403	96	58	52
404	92	53	49
405	112	58	52
406	92	51	48
407	92	48	46
408	96	53	52
409	92	54	46
410	88	46	46
411	92	46	44
412	108	63	53
413	104	54	48
414	96	51	48
415	92	53	51
416	88	50	50
417	100	52	50
418	92	48	45
419	96	55	49
420	100	46	48
421	108	54	48
422	100	51	51
423	92	48	42
424	104	58	53
425	92	56	51
426	104	59	52
427	92	54	47
428	108	57	46
429	92	52	50
430	92	54	50
431	104	53	46
432	92	56	48
433	88	52	49
434	92	49	48
435	96	55	50
436	88	55	48
437	96	55	51
438	92	53	50
439	84	51	51
440	116	65	52
441	88	52	45
442	96	53	50
443	108	54	52
444	84	48	47
445	92	57	51
446	100	50	49
447	104	51	44
448	108	54	51
449	92	55	50
450	92	48	46
451	96	53	51
452	92	50	47
453	108	60	53
454	96	48	48
455	104	53	51
456	108	60	51
457	108	54	51
458	92	53	50
459	112	62	50
460	96	57	49
461	104	60	53
462	84	54	50
463	96	54	50
464	92	48	47
465	92	58	51
466	104	54	48
467	116	50	49
468	80	50	48
469	92	58	51
470	76	42	42
471	88	50	48
472	92	54	49
473	84	50	46
474	104	62	55
475	88	52	51
476	100	58	52
477	96	55	49
478	80	50	48
479	92	53	51
480	88	52	48
481	88	52	51
482	100	42	43
483	92	56	50
484	96	52	53
485	92	52	49
486	96	52	44
487	100	54	52
488	88	42	40
489	100	48	47
490	108	63	52
491	96	50	52
492	88	46	46
493	100	57	49
494	112	60	49
495	104	58	51
496	76	53	49
497	80	50	49
498	88	48	46
499	96	47	43
500	96	48	44
501	84	44	44
502	100	52	52
503	100	54	51
504	80	56	49
505	96	50	50
506	92	56	51
507	100	54	48
508	100	57	51
509	84	48	48
510	100	59	50
511	100	58	49
512	84	46	47
513	88	52	50
514	88	49	46
515	92	44	40
516	92	43	40
517	108	47	47
518	96	46	48
519	96	46	46
520	88	50	49
521	96	56	52
522	96	54	49
523	92	57	50
524	92	42	42
525	100	52	45
526	100	51	46
527	108	53	53
528	92	60	50
529	96	54	51
530	112	57	52
531	104	58	50
532	112	54	48
533	104	63	52
534	100	60	52
535	100	56	54
536	92	58	51
537	96	56	52
538	100	58	49
539	108	50	45
540	100	60	51
541	104	56	49
542	112	53	48
543	104	56	50
544	96	54	52
545	100	52	51
546	88	50	50
547	96	52	46
548	100	61	50
549	92	53	50
550	80	50	48
551	92	58	50
552	92	52	50
553	92	52	47
554	100	48	50
555	80	52	50
556	92	54	50
557	88	52	50
558	108	48	48
559	92	52	48
560	88	48	46
561	92	53	47
562	108	58	53
563	104	50	47
564	100	52	50
565	84	50	46
566	104	62	54
567	84	53	47
568	96	54	46
569	96	55	48
570	96	52	46
571	88	50	48
572	100	57	49
573	96	54	49
574	100	56	53
575	92	53	48
576	108	58	52
577	100	56	50
578	104	54	51
579	96	50	52
580	96	54	50
581	108	57	53
582	92	47	43
583	96	53	52
584	92	50	48
585	96	51	48
586	88	46	44
587	100	54	52
588	92	46	44
589	100	56	52
590	96	53	47
591	96	54	47
592	100	59	51
593	100	51	44
594	112	57	52
595	92	54	48
596	100	58	51
597	104	57	50
598	108	57	46
599	92	52	51
600	100	58	51
601	108	63	53
602	100	58	55
603	116	63	52
604	104	57	50
605	92	54	46
606	76	42	42
607	100	58	54
608	96	50	51
609	92	53	51
610	80	44	46
611	88	52	51
612	100	58	53
613	88	55	49
614	96	58	52
615	108	54	49
616	96	54	46
617	96	53	48
618	100	59	51
619	92	56	49
620	96	52	46
621	96	58	54
622	76	52	49
623	88	52	49
624	88	48	46
625	100	49	48
626	100	45	45
627	88	50	50
628	96	50	48
629	96	50	47
630	80	56	49
631	96	57	51
632	96	54	51
633	84	50	50
634	100	56	51
635	100	60	52
636	100	54	49
637	100	52	46
638	84	50	47
639	88	49	46
640	96	47	45
641	104	49	49
642	96	41	39
643	92	49	48
644	92	40	38
645	108	54	49
646	88	50	46
647	104	54	51
648	96	49	49
649	100	54	49
650	100	55	52
651	92	57	53
652	92	44	46
653	108	50	46
654	92	58	51
655	96	52	49
656	112	57	52
657	104	58	51
658	104	56	49
659	112	55	52
660	100	56	51
661	100	58	49
662	92	60	52
663	96	58	51
664	100	59	53
665	100	54	50
666	108	54	47
667	104	52	49
668	112	54	49
669	104	56	50
670	88	52	51
671	100	42	43
672	92	56	50
673	92	50	49
674	92	50	48
675	104	49	48
676	112	64	50
677	100	53	49
678	104	58	53
679	100	54	52
680	100	49	47
681	88	42	40
682	96	52	51
683	92	44	43
684	92	48	46
685	100	52	52
686	96	59	51
687	96	50	52
688	88	46	46
689	108	63	52
690	100	58	54
691	96	56	48
692	92	54	50
693	104	45	48
694	108	55	47
695	100	46	48
696	108	54	49
697	116	65	52
698	96	53	50
699	88	52	45
700	100	51	44
701	112	55	50
702	116	64	52
703	92	54	46
704	104	57	51
705	112	58	52
706	116	61	52
707	116	62	51
708	116	60	54
709	84	50	46
710	96	57	52
711	96	46	42
712	96	52	53
713	104	55	47
714	100	57	52
715	92	48	46
716	96	50	46
717	104	56	50
718	96	56	52
719	88	48	45
720	104	52	46
721	92	53	51
722	100	59	50
723	92	53	49
724	96	54	50
725	104	56	50
726	112	62	49
727	100	60	52
728	100	57	52
729	96	48	48
730	108	63	52
731	108	56	53
732	104	53	49
733	100	58	50
734	108	63	54
735	116	50	49
736	104	62	53
737	108	54	51
738	108	58	52
739	108	60	52
740	100	54	50
741	100	55	50
742	108	61	51
743	108	58	52
744	92	55	50
745	108	54	51
746	92	52	51
747	104	58	52
748	92	55	47
749	68	50	49
750	84	50	51
751	92	54	46
752	88	52	45
753	68	52	50
754	88	50	44
755	92	55	46
756	84	51	47
757	76	46	46
758	96	58	48
759	92	50	49
760	92	56	51
761	96	55	50
762	88	57	49
763	100	58	51
764	104	57	49
765	72	48	48
766	88	42	40
767	76	42	42
768	84	55	49
769	76	46	46
770	92	58	53
771	92	51	46
772	96	51	47
773	96	54	49
774	80	50	48
775	88	52	48
776	92	52	49
777	80	51	46
778	96	56	52
779	100	52	51
780	100	60	52
781	100	48	50
782	100	57	49
783	92	58	52
784	92	47	47
785	92	48	46
786	92	50	47
787	88	54	50
788	84	48	50
789	100	51	51
790	92	46	45
791	88	46	46
792	92	54	47
793	96	57	48
794	88	52	46
795	96	55	49
796	92	58	51
797	100	54	52
798	88	46	46
799	100	56	52
800	92	48	46
801	92	51	48
802	96	53	52
803	92	47	43
804	92	47	47
805	96	55	49
806	92	52	48
807	92	55	52
808	100	55	53
809	100	46	48
810	104	47	47
811	96	59	52
812	96	51	48
813	96	55	48
814	92	53	50
815	92	52	49
816	76	44	44
817	92	42	42
818	92	57	50
819	84	50	50
820	96	52	50
821	96	52	48
822	88	50	50
823	96	61	53
824	80	50	47
825	92	42	40
826	92	44	40
827	88	48	47
828	104	51	51
829	100	60	52
830	92	60	52
831	100	65	53
832	80	56	49
833	84	48	48
834	100	58	49
835	100	59	50
836	96	50	50
837	100	57	52
838	100	54	48
839	92	56	51
840	84	56	51
841	88	50	50
842	104	58	50
843	104	58	53
844	104	54	50
845	96	58	51
846	100	51	46
847	100	54	49
848	84	51	50
849	96	41	39
850	96	47	45
851	104	56	48
852	104	52	51
853	92	62	54
854	108	60	53
855	108	60	55
856	84	56	51
857	100	50	48
858	92	56	51
859	100	54	51
860	104	54	50
861	104	54	53
862	104	56	50
863	104	58	50
864	96	54	50
865	96	50	52
866	108	57	53
867	100	58	54
868	92	56	49
869	104	49	48
870	100	50	47
871	84	55	50
872	108	48	49
873	96	54	50
874	92	55	50
875	104	54	51
876	104	50	47
877	96	50	49
878	92	53	51
879	96	52	46
880	96	57	49
881	108	54	52
882	92	48	42
883	92	56	53
884	108	58	52
885	96	59	51
886	88	50	45
887	84	54	50
888	88	54	52
889	92	53	47
890	92	50	48
891	92	51	45
892	92	46	44
893	88	46	46
894	88	46	44
895	92	51	45
896	92	47	43
897	92	55	47
898	100	51	44
899	100	46	47
900	108	60	53
901	88	54	50
902	108	60	52
903	88	50	48
904	92	52	51
905	96	50	48
906	96	51	49
907	96	54	50
908	100	56	53
909	92	58	51
910	92	54	49
911	96	55	48
912	96	57	49
913	96	52	48
914	88	55	48
915	96	53	50
916	80	51	46
917	88	55	48
918	88	55	49
919	80	48	48
920	84	53	48
921	92	49	48
922	100	56	49
923	84	42	42
924	112	51	53
925	76	46	46
926	92	56	51
927	96	55	48
928	92	50	49
929	92	48	46
930	96	53	51
931	92	50	47
932	108	60	53
933	92	48	42
934	92	56	52
935	100	53	49
936	100	54	48
937	88	50	47
938	104	54	49
939	92	52	49
940	100	54	52
941	92	48	46
942	104	57	50
943	96	52	46
944	96	56	52
945	92	48	47
946	96	55	48
947	104	53	51
948	96	57	48
949	96	51	49
950	96	50	48
951	100	50	49
952	100	58	51
953	100	52	51
954	88	54	52
955	108	59	48
956	108	62	51
957	96	48	48
958	104	55	49
959	108	58	55
960	104	54	48
961	96	51	48
962	108	60	53
963	100	43	43
964	96	62	55
965	104	48	46
966	76	46	44
967	84	54	49
968	92	59	52
969	92	42	42
970	96	53	51
971	88	50	46
972	96	62	53
973	96	52	46
974	80	50	47
975	92	44	40
976	92	43	40
977	88	48	47
978	104	56	51
979	92	60	51
980	100	65	53
981	100	60	52
982	92	56	50
983	96	47	43
984	104	49	48
985	96	47	43
986	104	55	49
987	104	57	52
988	100	56	51
989	100	61	54
990	92	58	52
991	100	57	52
992	100	54	48
993	104	55	50
994	104	60	50
995	96	50	46
996	96	53	48
997	112	53	48
998	88	50	47
999	92	44	46
